3    3    3    3    3    3    3    3    3    3    3    3    3    3    3    3    3    3    3    3    3    3    3    3    3    3    3    3    3    3    3    3    3    3    3    52    3    3    3    3    3    3    52    3    3    3    3    3    3    3
3    3    3    3    3    50    3    3    3    3    3    3    3    3    3    3    3    3    3    3    3    3    3    3    3    3    3    3    3    3    3    3    3    3    3    3    3    3    3    3    3    3    49    3    3    3    3    3    3    3
3    3    63    63    8    9    10    63    63    63    63    63    63    63    63    63    63    63    63    63    63    63    63    63    63    63    63    63    63    63    63    63    63    63    63    63    63    63    63    63    63    63    63    63    63    63    63    63    3    3
3    3    63    63    16    17    18    63    63    63    63    63    63    63    63    63    63    63    63    63    63    63    63    63    63    63    63    63    63    63    63    63    63    63    63    63    63    63    63    63    63    63    63    63    56    63    63    63    3    3
3    3    63    63    16    17    18    63    63    63    63    63    63    63    63    21    63    63    63    63    63    63    63    63    63    63    63    63    63    63    63    63    63    63    63    63    63    63    63    63    63    63    63    63    63    63    63    63    3    3
3    3    63    63    16    17    18    63    63    63    63    63    63    63    63    63    63    63    63    21    63    63    63    63    63    63    63    63    63    63    63    63    63    21    63    63    63    63    63    63    63    63    63    63    63    63    63    63    3    3
3    3    63    63    16    17    18    63    63    63    63    63    63    63    63    63    63    63    63    63    63    63    63    63    63    63    63    21    63    63    63    63    63    63    63    63    63    63    63    63    63    63    63    63    63    63    63    63    3    3
3    3    63    63    16    17    18    63    63    63    63    63    21    63    63    63    63    63    63    63    63    21    63    63    63    63    63    63    63    63    63    63    63    63    63    63    63    63    63    63    63    63    63    63    63    63    63    63    3    3
3    3    63    63    16    17    18    63    63    63    63    63    63    63    63    63    63    63    63    63    63    63    63    63    63    63    63    63    63    63    63    63    63    63    63    63    63    63    63    63    63    63    63    63    63    63    63    63    3    3
3    3    63    63    16    17    18    63    63    21    63    63    63    63    21    63    63    63    63    63    63    63    63    63    63    63    63    63    63    63    63    63    63    63    63    21    63    63    63    63    63    56    63    63    63    63    63    63    3    3
3    3    63    63    16    17    18    63    63    63    63    63    63    63    63    63    63    63    63    63    63    63    63    63    63    63    63    63    63    63    63    63    63    63    63    63    63    63    63    63    63    63    63    63    63    63    63    63    3    3
3    3    63    63    16    17    18    63    63    63    63    63    63    63    63    63    63    63    63    63    21    63    63    63    63    63    63    63    63    63    63    63    63    63    63    63    63    63    63    63    63    63    63    63    63    63    63    63    3    3
3    3    63    63    16    17    18    63    63    63    63    63    63    63    63    63    63    63    63    63    63    63    63    63    63    63    63    63    63    63    63    63    63    63    63    63    63    63    63    63    63    63    63    63    63    63    63    63    3    3
3    3    63    63    16    17    17    9    9    9    9    9    9    9    9    9    9    9    9    9    9    9    9    9    9    9    9    9    9    9    10    63    63    63    63    63    63    63    63    63    63    63    63    63    63    63    63    63    3    3
3    3    63    63    16    17    17    17    17    17    17    17    17    17    17    17    17    17    17    17    17    17    17    17    17    17    17    17    17    17    18    63    63    63    63    63    63    63    63    63    63    63    63    56    63    63    63    63    3    3
3    3    63    63    24    25    25    25    25    25    25    25    25    25    25    25    25    25    25    25    25    25    25    25    25    25    25    25    17    17    18    63    63    63    63    63    63    63    63    63    63    63    63    63    63    63    63    63    3    3
3    3    63    63    63    63    63    63    63    63    63    63    63    63    63    63    63    63    63    63    63    63    63    63    63    63    63    63    16    17    18    63    63    56    63    63    63    63    63    63    63    63    63    63    63    63    63    63    3    3
3    3    63    63    63    63    63    63    63    63    63    63    63    63    63    63    63    63    63    63    63    63    63    63    63    63    63    63    16    17    18    63    63    63    63    63    63    63    63    63    63    63    63    63    63    63    63    63    3    3
3    3    63    63    63    63    63    63    63    63    63    63    63    63    63    63    63    63    63    63    63    63    63    63    63    63    63    63    16    17    18    63    63    63    63    63    63    63    63    63    63    63    63    63    63    63    63    63    3    3
3    3    63    63    63    63    63    63    63    63    63    63    63    63    63    63    63    63    63    63    63    63    63    63    63    63    63    63    16    17    18    63    63    63    63    63    63    63    63    63    63    56    63    63    63    63    63    63    3    3
3    3    63    63    63    63    63    63    63    63    63    63    63    63    63    63    63    63    63    63    63    63    63    63    63    63    63    63    16    17    18    63    63    63    63    63    63    63    63    63    63    63    63    63    63    63    63    63    3    3
3    3    63    63    63    63    63    63    63    63    63    63    63    63    63    63    63    63    63    63    63    63    63    63    63    63    63    63    16    17    18    63    63    63    63    63    63    63    63    63    63    63    63    63    63    63    63    63    3    3
3    3    63    63    63    63    63    63    63    63    63    63    63    63    63    63    56    63    63    63    63    63    63    63    63    63    63    63    16    17    18    63    63    63    63    63    63    63    63    63    63    63    63    63    63    63    63    63    3    3
3    3    63    63    63    63    63    63    63    63    63    63    63    63    63    63    63    63    63    63    63    21    63    63    63    63    63    63    16    17    18    63    63    63    63    63    63    63    63    63    63    63    63    63    63    63    63    63    3    3
3    3    63    63    63    63    63    63    63    63    63    63    63    63    63    63    63    63    63    63    63    63    63    63    63    63    63    63    16    17    18    63    63    63    63    63    63    63    63    63    63    63    63    63    63    63    63    63    3    3
3    3    63    63    63    63    63    63    63    63    63    63    63    63    63    63    63    63    63    63    63    63    63    63    63    63    63    63    16    17    18    63    63    63    63    63    63    63    63    63    63    63    63    63    63    63    63    63    3    3
3    3    63    63    63    63    63    63    63    63    63    63    63    63    63    63    63    63    63    63    63    63    63    63    63    63    63    63    63    63    63    63    63    63    63    63    63    63    63    63    63    63    63    63    63    63    63    63    3    3
3    3    63    63    63    63    63    63    63    63    63    63    63    63    63    63    63    63    63    63    63    63    63    63    63    63    63    63    63    63    63    63    63    63    63    63    63    63    63    56    63    63    63    63    63    63    63    63    3    3
3    3    63    63    63    63    63    63    63    63    63    63    63    63    63    63    63    63    63    63    63    63    63    63    63    63    63    63    63    63    63    63    63    63    63    63    63    63    63    63    63    63    63    63    63    63    63    63    3    3
3    3    63    63    63    63    63    63    63    63    63    63    63    63    63    63    63    63    63    63    63    63    63    63    63    63    63    63    63    63    63    63    63    63    63    63    63    63    63    63    63    63    63    63    63    63    63    63    3    3
3    3    63    63    63    63    63    63    63    63    63    63    63    63    63    63    63    63    63    63    63    63    63    63    63    56    63    63    63    63    63    63    63    63    63    63    63    63    63    63    63    63    63    63    63    63    63    63    3    3
3    3    63    63    63    63    63    63    63    63    56    63    63    63    63    63    63    63    63    63    63    63    63    63    63    63    63    63    63    63    63    63    63    63    63    63    63    63    63    63    63    63    63    63    63    63    63    63    3    3
3    3    63    63    63    63    63    63    63    63    63    63    63    63    63    63    63    63    63    63    63    63    63    63    63    63    63    63    63    63    63    63    63    63    63    63    63    63    63    63    63    63    63    63    63    63    63    63    3    3
3    3    63    63    63    63    63    63    57    63    63    63    63    63    63    63    63    63    63    63    63    63    63    63    63    63    63    63    63    56    63    63    63    63    63    63    63    63    63    63    63    63    63    63    63    63    63    63    3    3
3    3    63    63    63    63    63    63    63    63    63    63    63    63    63    63    63    63    56    63    63    63    63    63    63    63    63    63    63    63    63    63    63    63    63    63    63    63    63    63    63    63    63    63    63    63    63    63    3    3
3    3    63    63    63    63    63    63    63    63    63    63    63    63    63    63    63    63    63    63    63    63    63    63    63    63    63    63    63    63    63    63    63    63    63    63    63    63    63    63    63    63    63    63    63    63    63    63    3    3
3    3    63    63    63    63    63    63    63    63    63    63    63    63    63    63    63    63    63    63    63    63    63    63    63    63    63    63    63    63    63    63    63    63    63    63    63    63    63    63    63    63    63    63    63    63    63    63    3    3
3    3    63    63    63    63    63    63    63    63    63    63    63    63    63    63    63    63    63    63    63    63    63    63    63    56    63    63    63    63    63    63    63    63    63    63    63    63    63    63    63    63    63    63    63    63    63    63    3    3
3    3    63    63    63    63    63    63    63    56    63    63    63    63    63    63    63    63    63    63    63    63    63    63    63    63    63    63    63    63    63    63    63    63    63    63    63    63    63    63    63    63    63    63    63    63    63    63    3    3
3    3    63    63    63    63    63    63    63    63    63    63    63    63    63    63    63    63    63    63    63    63    63    63    63    63    63    63    63    63    63    63    63    63    63    63    63    63    63    63    63    63    63    63    63    63    63    63    3    3
3    3    63    63    63    63    63    63    63    63    63    63    63    63    63    63    63    63    63    63    63    63    63    63    63    63    63    63    63    63    63    63    63    63    63    63    63    63    63    63    63    63    63    63    63    63    63    63    3    3
3    3    63    63    63    63    63    63    63    63    63    63    63    63    63    63    63    63    63    63    63    63    63    63    63    63    63    63    63    63    63    63    63    63    63    63    63    63    63    63    63    63    63    63    63    63    63    63    3    3
3    3    63    63    63    63    63    63    63    63    63    63    63    63    63    63    63    63    63    63    63    63    63    63    63    63    63    63    63    63    63    63    63    63    63    63    63    63    56    63    63    63    63    63    63    63    63    63    3    3
3    3    63    63    63    63    63    63    63    63    63    63    63    63    63    63    63    63    63    63    63    63    63    63    63    63    63    63    63    63    63    63    63    63    63    63    63    63    63    63    63    63    63    63    63    63    63    63    3    3
3    3    63    63    63    63    63    63    63    63    63    63    63    63    63    63    63    63    63    63    63    63    63    63    63    63    63    63    63    63    63    63    63    63    63    63    63    63    63    63    63    63    63    63    63    63    63    63    3    3
3    3    63    63    63    63    63    63    63    63    63    63    63    63    63    63    63    63    63    63    63    63    63    63    63    63    63    63    63    63    63    63    63    63    63    63    63    63    63    63    63    63    63    63    63    63    63    63    3    3
3    3    63    57    63    63    63    63    63    63    63    63    63    63    63    63    63    63    63    63    63    63    63    63    63    63    63    63    63    63    63    63    63    63    63    63    63    63    63    63    63    63    63    63    63    63    63    63    3    3
3    3    63    63    63    63    63    63    63    63    63    63    63    63    63    63    63    63    63    63    63    63    63    63    63    63    63    63    63    63    63    63    63    63    63    63    63    63    63    63    63    63    63    63    63    63    63    63    3    3
3    3    3    3    3    3    3    3    3    3    3    3    3    3    3    3    3    3    3    3    3    3    3    3    3    3    3    3    3    3    3    3    3    3    3    3    3    3    3    3    3    3    3    3    3    3    3    3    3    3
3    3    3    3    3    3    3    3    3    3    3    3    3    3    3    3    3    3    3    3    3    3    3    3    3    3    3    3    3    3    3    3    3    3    3    3    3    3    3    3    3    3    3    3    3    3    3    3    3    3

