10    11    10    11    -1    -1    -1    -1    -1    -1    -1    -1    -1    -1    -1
18    19    18    19    -1    -1    -1    -1    -1    -1    -1    -1    -1    -1    -1
-1    -1    -1    25    -1    -1    -1    -1    -1    -1    -1    -1    -1    -1    -1
-1    -1    -1    33    25    -1    -1    -1    -1    -1    -1    -1    -1    -1    -1
-1    8    -1    -1    33    25    -1    -1    -1    -1    -1    -1    -1    -1    -1
-1    -1    -1    -1    -1    33    25    -1    -1    -1    -1    -1    -1    -1    -1
-1    -1    -1    -1    -1    -1    33    25    -1    -1    9    9    -1    -1    -1
-1    -1    -1    -1    -1    -1    -1    33    25    -1    17    17    8    -1    -1
-1    20    -1    -1    -1    -1    -1    -1    33    -1    29    -1    -1    -1    -1
20    -1    -1    -1    -1    -1    -1    -1    -1    -1    37    -1    -1    -1    -1
20    -1    20    -1    -1    -1    -1    -1    -1    -1    -1    -1    29    -1    29
-1    -1    -1    -1    -1    -1    -1    26    26    26    26    26    37    -1    37
-1    -1    -1    -1    -1    -1    -1    34    34    34    34    34    -1    -1    -1
-1    -1    -1    -1    -1    -1    -1    -1    -1    -1    -1    -1    -1    -1    -1
-1    -1    -1    -1    -1    -1    -1    -1    -1    -1    -1    -1    -1    -1    -1
